348
136
80
114
84
82
75
93
80
85
86
320
79
80
77
110
85
81
82
89
84
80
89
90
132
85
75
83
100
109
78
80
65
80
102
81
93
84
92
82
83
70
84
75
87
95
85
80
87
77
81
86
98
83
90
77
83
98
87
81
84
101
85
82
81
87
85
83
75
75
79
93
81
80
84
89
87
78
85
99
77
87
91
84
88
77
84
102
87
79
80
84
80
78
80
81
80
81
80
79
84
87
83
96
84
81
76
77
73
82
104
76
77
78
79
82
83
82
81
87
83
98
79
88
87
86
87
84
90
81
99
78
80
100
85
86
91
90
98
100
87
92
78
80
76
90
94
89
83
101
67
83
80
79
81
88
80
86
92
81
88
79
85
90
94
92
77
90
82
84
88
91
87
87
85
87
84
78
84
87
81
81
94
101
99
93
83
76
80
79
75
83
82
92
94
82
80
81
82
75
91
82
75
96
88
82
82
82
83
76
85
85
102
96
87
104
64
89
79
90
81
250
78
92
85
90
98
92
88
101
85
91
105
86
85
90
97
98
89
79
75
77
87
84
87
89
85
77
92
100
85
80
76
87
83
82
70
78
80
77
74
103
83
68
82
81
82
78
78
82
76
86
85
81
86
100
78
90
89
103
82
90
76
80
84
87
90
76
81
90
69
92
85
73
87
72
100
83
83
91
74
81
87
96
93
80
85
90
86
92
85
85
80
97
78
88
109
105
86
91
83
79
87
85
85
99
83
80
83
90
103
82
85
98
86
100
94
98
89
100
98
87
90
86
95
80
83
90
86
76
83
93
86
84
83
86
78
84
88
92
95
97
75
100
94
88
91
93
83
84
87
83
81
90
79
81
85
85
97
91
93
85
82
80
87
100
68
84
85
78
97
83
98
100
81
86
85
88
86
100
84
79
99
90
78
81
78
90
81
98
98
81
89
89
74
87
87
84
80
83
94
82
88
91
85
89
81
90
93
89
80
82
93
91
87
97
97
88
98
81
97
81
90
94
96
85
76
91
89
92
82
86
100
90
86
81
80
98
87
85
81
85
85
93
86
93
91
87
80
86
85
91
81
89
92
81
90
99
78
81
86
93
94
90
101
128
82
88
88
81
87
100
95
80
100
93
82
99
105
96
86
87
80
84
80
100
96
86
101
85
85
99
93
105
91
84
98
86
101
88
94
85
93
83
88
85
89
88
86
78
92
85
85
83
80
87
98
97
89
90
93
90
82
88
92
90
99
98
89
93
100
104
96
80
85
84
80
93
86
101
100
81
79
79
79
65
85
75
81
85
65
72
100
87
65
82
75
75
90
94
83
80
81
100
87
85
84
74
90
87
77
88
91
87
90
90
84
66
79
92
91
79
75
76
77
78
78
89
90
79
78
99
100
75
74
79
86
94
78
82
81
79
87
81
80
88
86
94
91
98
91
95
100
75
77
65
86
86
99
78
81
79
79
90
83
84
75
75
84
78
80
82
86
75
65
81
89
95
84
92
84
80
93
92
78
83
85
85
86
75
65
80
72
87
77
72
79
76
81
80
92
82
82
76
78
86
81
80
77
85
87
83
83
79
75
62
80
77
65
76
75
95
78
78
74
81
104
76
75
95
78
76
81
75
77
85
76
85
91
88
99
76
74
80
81
82
76
80
80
89
69
82
64
66
73
81
72
76
79
79
75
75
74
86
93
80
79
74
95
76
79
78
76
91
75
65
75
83
77
76
77
81
94
76
74
77
67
95
75
77
86
75
79
83
79
88
93
85
79
66
85
82
93
90
76
91
67
73
91
80
87
83
81
95
90
78
84
85
75
84
74
90
78
90
89
74
79
72
85
84
75
81
75
80
93
77
85
81
80
74
87
83
77
82
102
84
68
75
111
87
80
75
83
77
73
80
75
83
87
90
85
76
85
125
82
78
91
67
82
83
88
84
88
85
91
88
90
93
88
78
76
104
81
78
78
75
80
99
73
90
85
84
100
78
89
75
80
89
100
86
75
91
95
81
79
80
83
78
79
73
77
80
76
75
79
75
91
95
85
81
84
62
75
75
81
77
93
102
75
64
80
98
73
77
90
74
73
79
89
85
74
96
85
90
102
82
85
89
90
73
89
86
90
92
88
98
98
88
89
90
98
98
75
91
83
101
84
77
96
77
88
87
80
103
87
84
87
85
85
75
84
81
74
91
87
75
78
86
80
79
88
81
85
90
85
93
92
89
80
79
82
74
74
95
75
98
93
79
80
65
75
95
94
74
85
86
89
96
75
80
85679
85.679
