350
280
225
193
188
188
202
160
160
158
160
157
160
177
178
187
180
183
177
185
175
178
177
185
185
185
183
175
178
188
183
172
177
182
192
185
185
173
178
185
185
180
177
178
172
190
173
187
183
180
180
175
178
310
190
185
2832
372
282
270
252
242
270
595
260
245
182
225
200
267
150
150
145
155
145
145
150
147
147
145
148
142
148
147
145
152
145
160
152
152
152
145
147
148
147
145
147
150
155
148
145
145
147
145
148
145
145
147
145
145
147
152
147
148
145
147
145
2351
154
90
88
87
88
87
88
89
86
92
112
88
88
90
88
87
88
87
92
86
94
87
150
86
86
88
150
88
86
86
85
88
150
86
88
85
85
87
86
89
87
90
89
89
88
86
88
86
86
86
88
87
88
89
89
86
89
88
86
88
86
88
86
88
86
88
88
88
86
89
86
87
87
92
107
88
88
86
100
104
133
124
121
88
88
86
86
88
86
87
88
85
87
87
88
86
87
88
88
85
85
88
88
85
92
94
89
86
86
86
88
88
87
89
88
86
86
86
86
88
88
88
89
86
85
86
87
88
86
88
85
86
86
88
86
88
87
86
138
88
87
88
88
87
88
86
88
88
87
86
87
88
86
88
88
88
87
87
89
86
87
88
86
86
87
88
89
86
85
88
88
86
88
85
88
85
88
87
88
88
86
85
88
88
87
87
86
86
88
86
88
88
89
88
88
86
88
87
88
86
86
86
84
88
87
85
88
88
86
131
104
110
108
87
88
89
85
88
88
86
86
89
86
89
89
137
87
88
120
106
104
84
87
88
88
85
86
88
87
89
90
86
154
87
88
87
156
88
92
88
86
88
87
88
86
90
86
86
88
87
87
87
90
88
89
127
109
87
86
86
86
85
111
87
148
112
157
86
85
88
148
86
88
86
86
86
86
87
85
86
87
88
87
88
86
86
87
85
88
89
86
85
87
87
86
87
88
87
86
86
86
86
88
87
89
87
86
86
86
88
89
86
86
86
85
86
87
86
87
85
87
90
86
86
89
86
88
87
86
87
87
89
87
86
86
85
152
86
147
87
149
88
86
144
89
87
86
88
86
88
85
88
86
86
86
87
85
88
86
87
88
87
87
85
86
85
89
88
88
86
88
88
87
88
89
87
85
88
86
88
86
87
88
110
244
98
86
86
85
87
87
86
87
86
86
86
87
88
87
88
88
87
85
86
86
85
88
87
87
88
88
89
88
88
88
89
87
87
86
88
89
89
86
89
86
88
87
86
88
86
86
88
88
85
89
86
89
86
88
88
89
88
88
89
88
86
87
86
88
89
144
110
102
106
97
87
86
86
86
87
87
88
89
86
87
86
86
86
87
87
85
88
85
88
85
86
89
88
88
87
86
88
86
87
88
87
87
88
88
85
87
88
87
89
88
86
87
88
88
85
86
87
88
85
89
89
87
89
88
89
87
88
158
122
115
100
112
86
88
85
89
88
88
86
85
88
89
87
87
86
87
85
87
88
85
88
88
88
86
88
88
84
88
87
85
88
85
87
88
88
88
89
88
86
86
87
89
86
88
86
88
89
87
86
88
86
85
86
85
88
87
85
88
86
86
87
88
90
86
87
87
88
87
87
86
86
87
86
87
89
93
86
86
88
89
149
86
152
87
153
88
150
88
88
89
88
117
102
85
86
86
84
85
84
85
86
88
89
84
83
86
84
86
86
83
88
87
86
86
71
70
72
63
71
63
71
71
61
71
70
175
315
64
74
77
89
81
91
93
80
71
63
63
61
71
71
71
71
71
71
71
71
71
71
71
70
63
62
63
71
71
71
62
71
72
71
72
70
71
72
72
70
63
70
71
62
71
71
63
61
71
72
63
116
70
63
71
63
63
70
72
64
71
71
62
70
72
72
63
72
63
70
70
70
63
121
64
119
71
118
62
119
71
71
62
62
119
73
70
62
63
63
72
63
71
70
71
62
71
70
71
71
73
70
72
63
70
72
62
71
71
70
71
71
64
61
63
71
72
63
73
62
70
71
62
71
71
62
63
122
118
71
117
63
118
70
63
71
118
70
70
62
63
70
71
62
63
71
63
71
61
71
71
63
71
70
72
71
71
70
62
71
71
71
62
71
70
62
71
71
71
71
70
70
72
62
70
61
71
70
72
71
70
71
71
71
71
64
72
72
71
71
71
61
71
71
123
121
72
120
72
120
73
73
73
123
72
72
64
72
73
73
64
71
73
71
64
72
71
73
62
71
73
71
72
73
64
72
73
72
62
70
102064
102.064
