33969
1631
1038
734
746
635
664
608
595
570
722
670
682
640
635
910
694
664
552
706
653
759
756
574
575
567
565
801
643
597
653
580
630
593
659
680
701
675
672
743
765
663
652
717
593
625
662
677
767
690
625
627
631
572
658
760
651
591
720
629
604
627
578
629
593
683
565
619
601
671
707
733
670
699
720
649
644
642
682
715
667
630
673
619
595
637
637
722
607
734
639
630
639
591
810
738
661
638
624
690
638
834
610
750
672
719
647
576
643
666
606
565
627
554
609
563
715
685
623
615
645
631
22122
928
566
601
698
9240
674
667
630
642
601
585
583
599
588
580
610
613
603
719
652
578
592
581
621
567
607
678
619
649
619
685
625
640
703
641
557
604
624
643
635
631
606
639
632
624
592
644
634
640
604
666
785
610
646
645
640
634
590
691
680
634
593
603
884
587
582
595
613
647
623
632
617
587
621
627
586
631
639
584
639
630
649
875
598
670
665
600
609
510
585
614
590
655
663
619
648
643
633
650
563
603
708
691
631
663
1957
722
708
602
626
27717
1162
786
634
649
627
639
582
644
640
586
605
611
642
576
605
622
3667
626
616
636
666
4895
644
570
637
609
638
584
590
11186
628
620
600
623
635
610
622
796
608
616
606
649
616
590
608
641
596
587
570
613
574
627
645
617
563
596
594
565
575
614
599
562
623
583
662
575
597
594
618
618
660
739
604
642
656
616
616
566
643
582
645
605
622
586
632
583
657
664
617
616
682
681
596
695
612
635
622
627
644
712
569
706
601
506
640
573
562
626
583
642
652
714
593
959
558
662
570
589
665
698
689
601
861
625
652
559
663
650
592
560
683
793
687
577
675
601
600
643
744
752
676
636
594
626
2126
779
577
688
677
33965
1301
689
600
629
675
664
637
629
672
596
675
594
589
631
573
640
642
589
651
599
631
606
570
562
611
656
648
561
611
602
601
615
664
643
654
631
613
665
629
634
608
636
615
608
661
628
712
644
610
578
625
628
612
596
634
564
565
884
621
629
588
599
598
620
579
711
601
594
583
556
580
616
600
762
599
708
598
619
674
634
565
573
690
751
551
725
569
623
627
571
540
646
845
635
698
590
605
563
562
601
625
1065
614
634
600
566
641
604
640
561
707
555
789
849
684
830
609
636
620
767
641
614
2153
786
583
554
765
56831
1124
855
666
734
678
764
621
770
640
606
672
621
646
643
707
926
639
704
752
689
690
1267
720
660
727
655
678
657
624
631
640
674
645
689
666
610
707
648
636
791
658
667
720
646
726
769
718
711
656
645
605
603
610
584
586
617
617
644
641
641
640
621
604
621
608
610
621
639
684
611
594
652
598
620
630
616
593
739
620
772
678
604
670
595
605
659
692
756
623
616
755
649
620
635
771
864
657
701
647
1235
684
640
669
670
674
624
720
699
605
607
740
716
745
717
680
659
874
580
770
609
656
569
2863
782
633
620
618
14200
772
626
690
680
624
1384
659
698
687
605
749
621
921
700
670
671
656
634
835
685
708
721
706
643
951
691
737
745
681
640
682
809
684
641
654
727
631
688
757
650
636
668
639
721
701
660
829
672
639
718
745
708
825
640
622
613
688
655
662
643
676
639
678
717
645
602
714
643
685
601
600
667
690
632
617
658
607
743
640
666
639
638
633
670
723
683
735
654
653
685
634
616
600
666
680
594
610
604
666
593
706
621
636
684
742
664
657
711
663
635
652
638
654
654
694
608
702
612
652
704
664
654
2103
699
663
602
702
2099
647
630
644
675
610
550
624
646
661
772
642
669
657
685
622
589
640
610
685
740
615
685
729
618
651
672
728
631
679
638
640
658
634
675
619
703
617
664
577
599
621
705
798
673
661
744
1079
706
631
663
731
716
670
731
695
674
748
620
645
747
672
590
684
637
657
648
599
599
671
677
650
720
615
686
662
693
669
709
749
682
712
659
651
700
611
611
613
717
653
731
671
650
602
620
655
980
627
599
693
589
602
648
707
630
660
650
664
563
680
624
623
664
692
685
706
624
609
759
643
652
644
675
2174
818
682
654
655
2274
754
676
653
657
653
606
680
602
638
656
675
650
655
655
616
716
639
632
760
642
649
657
646
720
611
639
602
700
633
701
611
625
593
615
675
692
620
706
651
700
772
656
635
598
636
655
792
600
704
841
647
716
879
679
672
547
643
717
624
671
690
592
676
717
738
648
726
653
677
600
624
668
646
640
648
644
670
736
681
681
681
614
694
655
661
667
680
706
659
641
695
680
662
646
673
668
676
610
662
675
633
610
752
723
882878
882.878
