21196
1274
1362
705
684
778
709
748
698
756
718
716
754
730
688
682
712
728
724
722
693
761
820
2612
729
628
642
630
617
753
712
687
637
636
640
648
620
628
612
611
619
601
669
631
704
645
691
624
635
642
663
634
645
668
643
596
609
637
631
646
663
649
608
635
639
685
677
627
660
639
662
652
720
615
607
631
623
701
650
641
652
628
639
645
707
621
697
665
671
659
636
635
662
628
638
639
670
630
612
683
596
692
669
611
675
677
690
633
671
661
642
681
646
641
656
649
652
2915
723
677
612
635
667
665
651
635
645
2070
664
644
666
628
684
630
611
657
654
703
686
654
642
656
668
677
641
676
712
628
619
685
670
1788
720
616
639
713
605
683
656
654
671
695
712
650
671
655
760
615
648
810
699
687
612
677
714
653
604
654
676
631
678
641
636
669
684
597
640
645
664
658
682
717
677
646
714
660
641
705
662
624
659
674
686
675
654
709
641
620
696
645
678
665
628
680
676
679
670
626
696
701
659
698
653
653
716
680
651
691
663
626
702
648
642
694
680
691
645
664
706
705
651
639
634
723
715
1692
687
642
670
717
707
630
649
702
599
1668
626
683
714
698
675
702
635
622
700
641
657
689
669
624
662
632
652
679
716
660
627
668
643
1723
665
710
682
653
670
667
719
666
680
624
692
665
655
681
681
701
672
667
669
635
618
626
630
606
687
631
634
692
702
616
669
646
663
632
650
657
641
635
651
631
636
640
594
660
660
988
651
661
657
630
657
633
690
765
672
694
683
639
682
644
668
620
635
647
617
611
656
619
617
627
639
624
647
637
660
650
643
688
647
620
606
669
660
647
655
755
687
640
633
697
660
647
684
1942
721
658
647
663
672
700
639
596
644
1436
682
677
693
665
738
679
672
677
661
681
651
718
678
685
645
688
685
670
698
658
685
695
708
1872
640
633
728
685
643
657
679
607
626
695
694
660
620
631
660
706
922
673
664
620
675
703
698
696
675
656
685
686
690
679
657
678
686
665
705
662
678
676
679
636
601
700
723
653
621
738
653
618
706
712
665
680
643
635
721
671
696
719
673
599
657
718
660
693
708
652
644
697
663
656
609
714
658
1017
747
723
689
623
677
717
737
727
656
715
735
669
704
690
666
721
711
705
679
12213
824
768
650
1874
900
679
634
855
654
9614
770
717
672
625
672
642
639
626
632
753
718
707
657
639
749
684
683
671
632
645
628
635
662
1976
654
661
640
635
605
630
629
712
628
609
638
637
648
621
665
625
668
660
742
738
667
638
669
629
683
712
641
647
623
639
665
656
675
639
656
624
658
643
662
646
659
639
674
640
675
661
683
640
681
609
689
611
657
601
649
648
644
659
954
644
662
680
634
641
637
703
702
650
670
665
635
615
632
667
668
632
625
662
655
624
637
641
660
643
630
637
644
651
651
627
643
640
618
7491
746
666
651
640
651
629
637
658
709
1451
642
668
648
614
643
655
645
666
627
613
639
643
639
686
667
635
665
640
775
655
624
647
658
1715
673
644
638
657
638
659
634
634
630
645
630
668
619
652
645
641
783
645
659
654
603
649
665
626
660
601
647
636
650
649
666
679
636
640
707
714
686
682
675
639
618
619
640
662
621
651
653
653
627
677
662
638
661
678
641
676
596
648
601
652
624
610
640
628
641
638
644
649
647
635
643
662
655
654
611
628
623
660
652
658
660
628
645
645
633
600
667
624
635
632
615
643
646
1203
666
830
616
631
665
629
643
828
634
6491
737
641
649
628
673
643
651
618
635
652
650
647
618
644
604
643
624
689
639
670
678
760
758
2087
750
708
641
650
670
717
880
737
685
707
670
752
706
678
627
647
725
699
637
631
1091
700
716
691
704
674
733
703
680
683
659
649
679
716
661
615
671
733
706
680
641
645
619
739
709
696
728
680
743
675
720
695
683
721
696
725
759
718
825
710
750
694
666
635
633
648
650
645
715
715
688
680
659
658
701
687
692
701
663
700
750
762
851
679
624
675
685
673
646
699
681
732
785
1571
713
715
750
744
757
653
645
691
754
1274
730
664
700
719
723
715
983
734
686
675
719
677
700
654
662
637
708
679
710
682
744
716
681
2001
663
699
708
663
644
675
719
753
835
622
661
788
698
720
773
688
933
718
1020
677
759
653
683
670
719
744
670
675
740
678
692
760
722
742
715
742
1042
755
697
943
705
716
696
693
975
1124
690
739
736
715
695
734
717
1114
762
716
739
760
614
646
675
632
620
634
636
993
835
744
762
785
752
680
1035
751
801
750
785
692
761
783
752610
752.61
